0.55178,0.40368
0.62463,0.35525
0.6307,0.67454
0.67647,0.49744
0.54022,0.2127
0.63259,0.54869
0.53377,0.49557
0.42459,0.81812
0.5793,0.31524
0.64719,0.57536
0.50619,0.39465
0.49451,0.62449
0.46484,0.26415
0.55877,0.26287
0.51241,0.64432
0.53616,0.3971
0.41705,0.69061
0.44376,0.84996
0.36821,0.70229
0.50101,0.57764
0.45926,0.30894
0.66743,0.46077
0.57257,0.7616
0.55143,0.42189
0.64341,0.66046
0.39284,0.32195
0.56466,0.44955
0.63375,0.29401
0.50576,0.78815
0.50298,0.41778
0.32464,0.89179
0.52333,0.24694
0.53543,0.53462
0.38159,0.81648
0.45137,0.3494
0.63067,0.4167
0.33067,0.77526
0.55384,0.57459
0.59496,0.34352
0.59543,0.51315
0.36376,0.10601
0.39764,0.19062
0.3106,0.29355
0.62217,0.66696
0.62004,0.48533
0.5242,0.24941
0.55696,0.56011
0.41929,0.21516
0.48538,0.78049
0.33761,0.10481
0.44942,0.79673
0.40049,0.24306
0.52418,0.5404
0.64351,0.57682
0.52057,0.74686
0.30862,0.11104
0.5541,0.47897
0.41545,0.29916
0.54926,0.44515
0.32626,0.76471
0.6512,0.4624
0.60075,0.40445
0.34013,0.84069
0.39798,0.69267
0.36964,0.69011
0.57545,0.77936
0.6387,0.35872
0.6239,0.36392
0.37592,0.19621
0.46897,0.3677
0.30629,0.25933
0.54081,0.81192
0.64308,0.3216
0.67047,0.5054
0.31691,0.15195
0.39925,0.2628
0.44331,0.75102
0.53695,0.35536
0.44378,0.15598
0.47698,0.22657
0.52324,0.50967
0.47203,0.67706
0.61274,0.68568
0.49526,0.27526
0.30002,0.77391
0.38789,0.7351
0.58755,0.34762
0.54439,0.65006
0.36138,0.88948
0.60921,0.66487
0.47016,0.15442
0.30038,0.87484
0.55452,0.5533
0.55404,0.74906
0.42768,0.79716
0.54026,0.76304
0.56025,0.32257
0.5651,0.36162
0.54269,0.74326
0.3215,0.7566
0.42549,0.16102
0.6613,0.40468
0.63627,0.60766
0.49029,0.4261
0.43307,0.30978
0.45848,0.80266
0.43322,0.14876
0.34896,0.28647
0.60549,0.56989
0.39367,0.20001
0.5595,0.75415
0.4842,0.78959
0.62505,0.35424
0.55421,0.5386
0.37549,0.77348
0.45991,0.78777
0.32469,0.15334
0.55598,0.48472
0.47469,0.64789
0.38877,0.20672
0.52304,0.18193
0.6003,0.73219
0.6549,0.47808
0.4409,0.34404
0.43745,0.28911
0.45611,0.28744
0.43427,0.1981
0.52442,0.68859
0.38174,0.84809
0.51613,0.27732
0.52779,0.48584
0.47741,0.14813
0.38591,0.81609
0.49074,0.62548
0.5124,0.49199
0.36097,0.14184
0.41809,0.27102
0.46743,0.31029
0.42956,0.78684
0.51623,0.78881
0.39077,0.23011
0.3658,0.7374
0.33259,0.19105
0.65186,0.56894
0.41644,0.84067
0.33577,0.7475
0.47684,0.31475
0.69496,0.48481
0.5108,0.74849
0.40232,0.74179
0.51758,0.66649
0.45701,0.1749
0.32032,0.27214
0.32428,0.2951
0.58891,0.37175
0.43714,0.86061
0.49301,0.41569
0.50395,0.70067
0.45024,0.21421
0.48907,0.58855
0.46324,0.68295
0.51529,0.17698
0.54681,0.50022
0.50406,0.5562
0.53233,0.42071
0.5668,0.63692
0.51508,0.33934
0.60742,0.34096
0.37042,0.86047
0.49896,0.56575
0.56047,0.22245
0.64369,0.66171
0.45733,0.69494
0.55232,0.3012
0.69113,0.4777
0.59235,0.32318
0.54108,0.81311
0.62068,0.41928
0.35973,0.81031
0.57614,0.30522
0.43313,0.76096
0.42876,0.30106
0.6126,0.2867
0.51522,0.60676
0.36516,0.88888
0.36407,0.70567
0.59017,0.22713
0.57588,0.48121
0.34183,0.80058
0.39177,0.82675
0.45613,0.37127
0.5824,0.35965
0.35198,0.82369
0.41225,0.67888
0.65835,0.65337
0.39677,0.20261
0.35897,0.30233
0.48293,0.19708
0.58835,0.40563
0.58715,0.64419
0.52845,0.43354
0.65131,0.37705
0.57377,0.28944
0.34723,0.77587
0.58328,0.75322
0.61879,0.65625
0.69073,0.53705
0.51117,0.2948
0.55456,0.70142
0.31751,0.78664
0.62412,0.5503
0.44031,0.24133
0.62971,0.53878
0.34949,0.25905
0.37777,0.12105
0.61595,0.58175
0.61775,0.64026
0.30434,0.89982
0.52179,0.18954
0.62411,0.43945
0.56065,0.27592
0.49705,0.3332
0.38277,0.29491
0.32088,0.79498
0.4658,0.83131
0.45403,0.19518
0.34534,0.84123
0.52414,0.43958
0.38629,0.15661
0.493,0.83982
0.53917,0.27158
0.48747,0.29904
0.53868,0.53783
0.65441,0.54279
0.47818,0.60742
0.42305,0.86571
0.49931,0.45194
0.49203,0.67621
0.48797,0.27021
0.59354,0.31958
0.37835,0.71919
0.53149,0.62314
0.51755,0.50407
0.52555,0.68334
0.3247,0.27455
0.52754,0.74662
0.38283,0.23231
0.4558,0.27101
0.50648,0.33848
0.53826,0.55205
0.51517,0.20088
0.43864,0.71304
0.51818,0.74692
0.42446,0.24447
0.32497,0.23085
0.40541,0.16187
0.61434,0.28345
0.46258,0.24578
0.34459,0.23308
0.34623,0.12055
0.39654,0.13957
0.44843,0.78908
0.3245,0.77628
0.37799,0.69695
0.34666,0.23559
0.49404,0.80699
0.42295,0.66771
0.51112,0.74689
0.50746,0.7827
0.49252,0.41849
0.49495,0.1924
0.55886,0.62375
0.43279,0.83805
0.61551,0.49385
0.31325,0.76721
0.46216,0.20508
0.33271,0.76617
0.44379,0.30752
0.54736,0.51785
0.4989,0.41789
0.32004,0.89512
0.33716,0.85593
0.42296,0.17026
0.53573,0.54565
0.50156,0.74882
0.41365,0.23425
0.53126,0.38874
0.58181,0.61536
0.30451,0.15436
0.40853,0.26633
0.48062,0.71387
0.57325,0.28212
0.48738,0.83563
0.41209,0.83817
0.47854,0.30788
0.42849,0.25061
0.40188,0.12535
0.62846,0.5535
0.54045,0.40113
0.49668,0.27004
0.60736,0.32064
0.34763,0.74892
0.71774,0.99814
0.027993,0.26973
0.066842,0.93187
0.92706,0.69639
0.087772,0.095259
0.3324,0.24587
0.52618,0.93466
0.24664,0.47978
0.5429,0.88253
0.78087,0.7793
0.52188,0.018284
0.93195,0.77076
0.14711,0.6858
0.41677,0.86767
0.28029,0.58051
0.5981,0.6261
0.036475,0.11115
0.063687,0.21369
0.32288,0.03637
0.098379,0.44454
0.17004,0.32658
0.37116,0.28729
0.039762,0.49645
0.70924,0.18171
0.64134,0.93379
0.17406,0.94018
0.062152,0.59146
0.40666,0.00080862
0.46306,0.90301
0.20267,0.68289
0.86955,0.073851
0.59794,0.99638
0.023014,0.31446
0.89943,0.80922
0.45295,0.46145
0.058026,0.58714
0.10627,0.4776
0.99843,0.55245
0.86633,0.17532
0.61521,0.58724
0.026944,0.1548
0.32252,0.44545
0.46378,0.53762
0.099017,0.4619
0.57099,0.83411
0.32588,0.99617
0.45049,0.97224
0.57784,0.74593
0.074844,0.19996
0.057343,0.036329
0.30096,0.1886
0.52172,0.57755
0.56188,0.62827
0.24155,0.36477
0.91272,0.63656
0.82573,0.89129
0.44455,0.25352
0.98206,0.28636
0.57827,0.12542
0.23442,0.52857
0.81059,0.82077
0.45127,0.29978
0.24997,0.78768
0.95544,0.43701
0.14265,0.55054
0.51256,0.98611
0.97193,0.68978
0.64832,0.97014
0.61467,0.095966
0.46965,0.89809
0.57778,0.058443
0.91131,0.12332
0.37622,0.63073
0.22876,0.3701
0.42352,0.31957
0.2736,0.79569
0.44457,0.3017
0.62752,0.60746
0.53464,0.46197
0.38544,0.29259
0.87345,0.83242
0.30035,0.57053
0.40003,0.070508
0.51772,0.26631
0.061825,0.17087
0.23137,0.56031
0.11849,0.20209
0.09878,0.49237
0.89028,0.72937
0.033389,0.955
0.83903,0.76237
0.50727,0.080068
0.11372,0.93825
0.49045,0.97447
0.59944,0.60711
0.090216,0.95749
0.97822,0.33065
0.65302,0.90122
0.46113,0.00036562
0.86376,0.48328
0.26283,0.14747
0.82396,0.31499
0.32898,0.17138
0.9413,0.59291
0.24411,0.65761
0.95711,0.34896
0.51082,0.053693
0.56458,0.047168
0.99372,0.055858
0.77098,0.071512
0.3138,0.015676
0.057873,0.97368
0.044074,0.7348
0.81294,0.75239
0.41207,0.033314
0.38416,0.11761
0.52313,0.2613
0.89215,0.89336
0.40592,0.97206
0.60439,0.99407
0.094804,0.34679
0.33598,0.2923
0.14484,0.18725
0.24488,0.74315
0.37897,0.71802
0.27032,0.18889
0.2156,0.43394
0.63373,0.045593
0.79972,0.65547
0.20851,0.78104
0.89626,0.8629
0.74571,0.78535
0.53639,0.43349
0.96997,0.34782
0.56488,0.055389
0.21769,0.81944
0.85776,0.10604
0.862,0.006074
0.3133,0.27504
0.32698,0.94277
0.84001,0.67426
0.49253,0.38566
0.051902,0.85695
0.77802,0.67482
0.42667,0.6081
0.27996,0.43943
0.33351,0.96129
0.36694,0.82291
0.79479,0.010499
0.038691,0.14162
0.72667,0.48281
0.87268,0.58062
0.28581,0.29299
0.65685,0.43887
0.23189,0.39827
0.62195,0.13731
0.075124,0.95276
0.96676,0.36004
0.60997,0.83698
0.38372,0.041336
0.03057,0.42383
0.85757,0.075638
0.60354,0.31381
0.84784,0.94598
0.50462,0.8545
0.0079108,0.17353
0.91907,0.53588
0.4107,0.29489
0.73237,0.90287
0.15111,0.081387
0.81523,0.78747
0.9096,0.17441
0.77794,0.71999
0.75712,0.23201
0.4052,0.20714
0.7019,0.21613
0.56546,0.97667
0.58474,0.38185
0.34491,0.63529
0.70423,0.046564
0.16086,0.23207
0.0015139,0.87484
0.562,0.46014
0.54648,0.0030636
0.55083,0.46494
0.69454,0.82407
0.92749,0.87189
0.94421,0.30107
0.90326,0.23601
0.60411,0.83158
0.92621,0.43775
0.11695,0.50709
0.3408,0.18547
0.03673,0.1515
0.53837,0.90681
0.73723,0.99275
0.18122,0.39008
0.42625,0.82681
0.098168,0.95406
0.30322,0.89384
0.78012,0.84101
0.53696,0.68328
0.76907,0.1718
0.63894,0.23755
0.89315,0.43429
0.06069,0.025062
0.17577,0.26865
0.41633,0.98016
0.73979,0.31269
0.89295,0.57175
0.025853,0.61166
0.13756,0.90154
0.42409,0.39604
0.76457,0.69277
0.52444,0.20449
0.75448,0.062853
0.1698,0.62239
0.67273,0.68802
0.61865,0.29679
0.0068461,0.57156
0.74023,0.31622
0.99174,0.8095
0.12818,0.3655
0.36058,0.69879
0.19107,0.63343
0.7144,0.96458
0.17787,0.2008
0.98685,0.59818
0.016999,0.083703
0.039796,0.54441
0.80433,0.84615
0.85979,0.040698
0.56625,0.32936
0.75411,0.70935
0.51951,0.86031
0.5859,0.5009
0.19073,0.99476
0.50344,0.42864
0.050915,0.26735
0.056096,0.47295
0.3352,0.16085
0.6309,0.1589
0.89198,0.26834
0.6734,0.75712
0.68527,0.60917
0.69574,0.96693
0.79983,0.77332
0.66061,0.57286
0.51994,0.45022
0.33174,0.28706
0.93417,0.75239
0.24648,0.094358
0.51121,0.10679
0.74032,0.73489
0.25417,0.35459
0.84558,0.58063
0.53815,0.29886
0.91014,0.71368
0.35071,0.36049
0.93532,0.71846
0.92772,0.99532
0.5877,0.0837
0.10176,0.46821
0.36688,0.093803
0.27585,0.72517
0.2661,0.91205
0.22654,0.086414
0.0013208,0.51995
0.89301,0.55263
0.4535,0.68515
0.57842,0.29965
0.31561,0.60188
0.99402,0.1985
0.98389,0.65676
0.96455,0.69836
0.66627,0.45968
0.72616,0.15766
0.33404,0.42179
0.52277,0.59605
0.27335,0.32233
0.71838,0.83073
0.77802,0.12269
0.081064,0.25118
0.22158,0.93761
0.20396,0.65521
0.6241,0.75291
0.72521,0.81086
0.83436,0.048427
0.018895,0.41471
0.20212,0.72549
0.46909,0.13904
0.3784,0.63256
0.34039,0.24683
0.063851,0.83997
0.76134,0.83667
0.40266,0.45307
0.67429,0.39476
0.55108,0.9616
0.051457,0.0081783
0.3075,0.39844
0.96544,0.48777
0.93148,0.61814
0.37803,0.07001
0.61767,0.14269
0.56253,0.65423
0.83056,0.21832
0.9577,0.11913
0.075506,0.043137
0.88802,0.16556
0.56245,0.51111
0.19436,0.86727
0.22145,0.76626
0.70576,0.13495
0.59676,0.064921
0.5863,0.67244
0.96849,0.48221
0.58174,0.49542
0.0998,0.31348
0.1666,0.3235
0.10209,0.9091
0.14625,0.45034
0.67156,0.74864
0.63985,0.18525
0.37244,0.084922
0.16287,0.20703
0.38952,0.55892
0.79998,0.6617
0.39979,0.93921
0.75512,0.040245
0.29521,0.16366
0.64001,0.43812
0.88512,0.32567
0.20964,0.089932
0.48036,0.81032
0.11299,0.39956
0.13237,0.65531
0.064002,0.56684
0.079297,0.0031219
0.62695,0.65135
0.41133,0.3171
0.63859,0.26593
0.85656,0.46045
0.76358,0.62316
0.97616,0.80185
0.78154,0.56116
0.93558,0.024804
0.73915,0.79354
0.25362,0.27309
0.71925,0.82291
0.69351,0.68855
0.77332,0.6039
0.74722,0.38695
0.31838,0.065535
0.51043,0.99859
0.77307,0.66104
0.57282,0.22917
0.95385,0.092255
0.17157,0.24098
0.90724,0.90257
0.75222,0.21735
0.28618,0.47952
0.62741,0.90923
0.46283,0.19378
0.12944,0.44799
0.54938,0.6178
0.96951,0.59421
0.44214,0.66588
0.59096,0.26768
0.11097,0.42387
0.19985,0.79932
0.16296,0.93231
0.036877,0.46972
0.27272,0.3063
0.23013,0.43937
0.35854,0.30686
0.13434,0.27501
0.99859,0.13875
0.51352,0.16655
0.38785,0.49395
0.24985,0.086584
0.36475,0.92684
0.39906,0.14848
0.9263,0.16048
0.49547,0.71772
0.60919,0.67489
0.0048085,0.35852
0.58773,0.090458
0.77746,0.008248
0.65718,0.37278
0.52831,0.78831
0.82577,0.44729
0.96243,0.099625
0.31374,0.80583
0.79709,0.65945
0.28518,0.45236
0.014895,0.53336
0.09415,0.52666
0.32872,0.62968
0.30557,0.64656
0.018022,0.19183
0.16221,0.80173
0.44399,0.19657
0.76677,0.41129
0.68126,0.23569
0.71454,0.27221
0.45978,0.0086685
0.91927,0.92828
0.98894,0.52022
0.9326,0.46413
0.46152,0.52353
0.90492,0.33681
0.38645,0.33238
0.60302,0.98829
0.56032,0.47372
0.84584,0.74686
0.2848,0.66996
0.66332,0.79559
0.60226,0.27254
0.65646,0.28392
0.30993,0.71726
0.33164,0.18464
0.1882,0.8337
0.10068,0.16967
0.28656,0.95327
0.35483,0.72255
0.53576,0.13425
0.99083,0.85309
0.028178,0.93169
0.70953,0.56418
0.90516,0.39882
0.86583,0.4416
0.11917,0.70168
0.95528,0.26004
0.4409,0.028529
0.87576,0.94797
0.86495,0.99617
0.35515,0.77948
0.63115,0.9894
0.86455,0.48755
0.020992,0.12798
0.07682,0.46437
0.37671,0.74259
0.14919,0.67339
0.034097,0.87398
0.78225,0.75825
0.32725,0.61718
0.81748,0.27482
0.17362,0.33638
0.67612,0.83572
0.8756,0.38589
0.75716,0.080347
0.22963,0.86558
0.35894,0.43537
0.36316,0.17208
0.26744,0.0042964
0.3373,0.6525
0.086961,0.36969
0.45156,0.3761
0.45466,0.44134
0.029036,0.51612
0.6371,0.30011
0.059459,0.47832
0.1692,0.0062469
0.68468,0.17144
0.55457,0.30356
0.0060358,0.74446
0.28809,0.58089
0.37661,0.70121
0.14649,0.80466
0.074534,0.85199
0.46074,0.11772
0.37039,0.65726
0.82456,0.75295
0.53754,0.70213
0.81752,0.60512
0.46038,0.038267
0.014034,0.19515
0.0049832,0.33068
0.16623,0.64283
0.36594,0.2174
0.71821,0.07691
0.15942,0.98059
0.27877,0.20676
0.64494,0.98325
0.2872,0.61037
0.32193,0.24798
0.15542,0.51796
0.38766,0.71283
0.89573,0.25987
0.88777,0.11469
0.39361,0.54967
0.67546,0.2189
0.25221,0.31218
0.94999,0.97313
0.62468,0.30919
0.20695,0.94625
0.10966,0.41056
0.56585,0.010334
0.27433,0.31007
0.071165,0.15521
0.15845,0.99408
0.04952,0.45024
0.68088,0.54522
0.78176,0.26233
0.80737,0.88254
0.26505,0.10306
0.8959,0.82356
0.60799,0.42718
0.014401,0.92034
0.34403,0.52801
0.53366,0.87083
0.62776,0.35281
0.44674,0.40015
0.81111,0.59792
0.14483,0.91152
0.97483,0.13299
0.83376,0.042167
0.3401,0.40104
0.61624,0.59571
0.30376,0.91968
0.089219,0.29378
0.52153,0.54504
0.82529,0.78168
0.76393,0.3274
0.94764,0.095263
0.33355,0.44168
0.38974,0.029077
0.15041,0.67539
0.3337,0.11159
0.55368,0.19964
0.55029,0.53016
0.16042,0.62736
0.11709,0.3736
0.39855,0.60645
0.83138,0.84639
0.185,0.70195
0.50079,0.39287
0.12631,0.57187
0.86463,0.24977
0.76665,0.72735
0.56435,0.34333
0.38957,0.078635
0.49014,0.30223
0.8869,0.3004
0.90505,0.023221
0.49839,0.17611
0.52923,0.86092
0.9097,0.65595
0.5786,0.85654
0.77579,0.27094
0.66139,0.89595
0.46966,0.20879
0.21977,0.96417
0.60259,0.41436
0.18426,0.22957
0.19751,0.81837
0.86199,0.36044
0.12565,0.50152
0.64558,0.74767
0.43732,0.83185
0.61261,0.39447
0.73748,0.096636
0.30328,0.26539
0.042968,0.79195
0.83551,0.93686
0.36931,0.56826
0.66134,0.93802
0.89572,0.59725
0.2741,0.98795
0.9979,0.76235
0.83435,0.18562
0.79134,0.51677
0.65661,0.64015
0.54367,0.86895
0.38668,0.60012
0.82223,0.99967
0.59533,0.12918
0.78164,0.29337
0.98767,0.47688
0.78825,0.12958
0.85292,0.22812
0.48561,0.18107
0.87376,0.67202
0.33385,0.32578
0.20532,0.79059
0.49436,0.54601
0.031209,0.23056
0.82757,0.68676
0.26426,0.049083
0.6775,0.5726
0.79386,0.99376
0.68184,0.36297
0.65076,0.55872
0.23734,0.92728
0.4774,0.25988
0.93642,0.83248
0.2411,0.17513
0.20911,0.87984
0.27247,0.27963
0.77582,0.84948
0.33141,0.80672
0.60307,0.18913
0.18401,0.97856
0.087459,0.25373
0.30892,0.77855
0.23088,0.81078
0.90919,0.49795
0.93688,0.91572
0.031879,0.10098
0.59365,0.13582
0.043818,0.85832
0.4249,0.018646
0.52158,0.72833
0.84034,0.81666
0.62503,0.11622
0.2552,0.48856
0.90469,0.34745
0.7673,0.77389
0.56267,0.28529
0.89715,0.8244
0.36808,0.17306
0.33773,0.86364
0.61886,0.92605
0.086895,0.1911
0.3755,0.050352
0.18738,0.54845
0.81053,0.0095179
0.72325,0.82836
0.67467,0.90854
0.91398,0.7053
0.82096,0.24333
0.54872,0.58923
0.015542,0.9389
0.094686,0.8955
0.51476,0.60623
0.95248,0.79238
0.84306,0.83617
0.93501,0.56014
0.97341,0.0006951
0.37253,0.25128
0.3209,0.43195
0.78325,0.43065
0.21222,0.87523
0.95915,0.067641
0.93023,0.33991
0.36573,0.17706
0.34491,0.24604
0.69268,0.72782
0.7166,0.2882
0.80034,0.23734
0.59367,0.13966
0.097175,0.22073
0.55951,0.81755
0.04309,0.37823
0.75763,0.66552
0.65965,0.93581
0.59946,0.42648
0.22699,0.60516
0.71371,0.96958
0.7245,0.36465
0.34422,0.66445
0.032751,0.31476
0.84362,0.88572
0.7703,0.29554
0.50965,0.29537
0.70696,0.90708
0.79117,0.49288
0.33067,0.20714
0.91368,0.025819
0.5767,0.17021
0.28791,0.30234
0.26686,0.96144
0.89018,0.78366
0.3661,0.67326
0.15002,0.84072
0.94633,0.42085
0.65084,0.70374
0.98221,0.48129
0.19383,0.82058
0.82874,0.43739
0.4938,0.85997
0.59078,0.0088972
0.044891,0.99603
0.56446,0.2752
0.63354,0.033516
0.4981,0.1521
0.059624,0.4796
0.51516,0.88884
0.053195,0.28342
0.84363,0.78413
0.59467,0.17039
0.69102,0.73129
0.64723,0.24662
0.62344,0.081841
0.95386,0.85291
0.17694,0.68655
0.47491,0.95811
0.8424,0.98506
0.49696,0.53472
0.7624,0.90598
0.17988,0.47665
0.69162,0.88967
0.91442,0.02385
0.16266,0.12872
0.4281,0.74064
0.041852,0.39102
0.22575,0.39363
0.66615,0.60185
0.87134,0.023885
0.34473,0.38767
0.027252,0.056746
0.90528,0.68957
0.47106,0.52039
0.91046,0.076086
0.32798,0.40626
0.6911,0.43021
0.017448,0.65931
0.51235,0.21839
0.33181,0.081089
0.33611,0.46767
0.95335,0.72867
0.75051,0.61398
0.33392,0.9006
0.63283,0.25278
0.41555,0.2201
0.5765,0.2358
0.9595,0.81013
0.61585,0.70241
0.15058,0.8785
0.83827,0.71101
0.72617,0.66108
0.10885,0.43958
0.16135,0.56279
0.29701,0.99031
0.42358,0.95732
0.52841,0.33682
0.2751,0.15546
0.82796,0.41708
0.79278,0.55448
0.27375,0.029752
0.61569,0.86671
0.10155,0.89441
0.66996,0.49719
0.3474,0.20929
0.6695,0.7216
0.2953,0.69972
0.68043,0.46075
0.39377,0.17059
0.39182,0.79437
0.20696,0.8885
0.72452,0.14251
0.81931,0.93967
0.92647,0.00026086
0.51412,0.43881
0.19314,0.011168
0.6029,0.23452
0.19818,0.70698
0.41039,0.69416
0.85307,0.26512
0.42908,0.32657
0.92566,0.093234
0.37308,0.041599
0.69825,0.75928
0.58863,0.32487
0.10087,0.52182
0.4124,0.95189
0.92471,0.66898
0.05555,0.47312
0.38405,0.64937
0.24064,0.66564
0.22781,0.23015
0.35712,0.80489
0.9241,0.50279
0.5025,0.43403
0.80324,0.70903
0.35027,0.55526
0.45868,0.255
0.9511,0.075201
0.13298,0.5891
0.070307,0.67424
0.70608,0.58801
0.9317,0.5337
0.1089,0.47262
0.6517,0.32381
0.14606,0.43099
0.69396,0.7649
0.62561,0.99646
0.043723,0.26502
0.79792,0.79207
0.98621,0.13461
0.43674,0.035536
0.34475,0.45395
0.048806,0.56298
0.2252,0.23088
0.58101,0.14476
0.60138,0.6771
0.25252,0.35407
0.65434,0.51047
0.060096,0.69471
0.94051,0.59529
0.092531,0.50611
0.33398,0.7764
0.65105,0.6852
0.50391,0.31949
0.53093,0.83214
0.37912,0.66082
0.76891,0.58707
0.28251,0.019078
0.64927,0.83695
0.92218,0.114
0.33067,0.84042
0.81344,0.3375
0.78764,0.42944
0.12432,0.79378
0.15739,0.14157
0.415,0.6081
0.68733,0.93063
0.6577,0.63644
0.67998,0.047771
0.0093867,0.69835
0.12861,0.25711
0.76391,0.6909
0.84192,0.36318
0.74695,0.54188
0.94452,0.22214
0.91971,0.90549
0.22307,0.37354
0.50977,0.078816
0.78774,0.03093
0.52245,0.6269
0.61739,0.937
0.55824,0.31994
0.73099,0.74517
0.063402,0.28893
0.49279,0.12435
0.22992,0.51408
0.33739,0.38751
0.55164,0.97861
0.74369,0.29182
0.41231,0.59234
0.50762,0.57136
0.12897,0.61586
0.21484,0.56091
0.29283,0.27986
0.44997,0.15185
0.24028,0.73301
0.26326,0.039699
0.89158,0.80162
0.58614,0.40642
0.93867,0.83001
0.61808,0.97104
0.25072,0.42248
0.10254,0.053905
0.54636,0.78704
0.44265,0.63008
0.69151,0.50882
0.75944,0.56769
0.39942,0.30919
0.56741,0.74714
0.20558,0.33666
0.94353,0.88335
0.51281,0.33366
0.27625,0.79601
0.22914,0.80478
0.95293,0.050239
0.68942,0.40251
0.70787,0.96519
0.65692,0.41438
0.77897,0.33052
0.58047,0.63637
0.50323,0.85803
0.87873,0.78828
0.39295,0.53841
0.24264,0.74167
0.28163,0.73972
0.90477,0.44479
0.70268,0.85041
0.85306,0.49453
0.37868,0.94816
0.63302,0.79779
0.031557,0.13304
0.92003,0.23777
0.46975,0.12772
0.5199,0.53412
0.76631,0.056697
0.33622,0.46857
0.62599,0.98269
0.3269,0.68222
0.31111,0.8709
0.64608,0.49621
0.43369,0.28766
0.10289,0.18302
0.23615,0.96122
0.97178,0.75626
0.6989,0.95035
0.65945,0.67127
0.3261,0.18605
0.019822,0.28984
0.57047,0.058208
0.036335,0.044066
0.26474,0.27956
0.19066,0.17047
0.4493,0.6771
0.76866,0.90242
0.62794,0.35199
0.3147,0.10016
0.29204,0.793
0.078238,0.46843
0.17194,0.68734
0.72128,0.68308
0.089449,0.42144
0.91781,0.65934
0.42968,0.63343
0.079723,0.52515
0.57214,0.19128
0.83177,0.51191
0.34737,0.74833
0.77989,0.41983
0.70834,0.73748
0.59094,0.68647
0.37699,0.95573
0.39383,0.30791
0.42831,0.3423
0.42303,0.38703
0.21892,0.026176
0.49676,0.63355
0.03987,0.56525
0.56482,0.36551
0.049143,0.42146
0.87228,0.4622
0.86002,0.31444
0.33826,0.22566
0.97403,0.11594
0.95478,0.13397
0.98862,0.94652
0.15772,0.49243
0.0029184,0.74821
0.24818,0.31094
0.34629,0.0077053
0.23334,0.61562
0.75589,0.35757
0.22593,0.64883
0.44844,0.84598
0.25944,0.10135
0.34579,0.5883
0.90295,0.58238
0.012701,0.5218
0.13222,0.4546
0.38806,0.9667
0.84062,0.18231
0.21327,0.55939
0.93523,0.62647
0.9698,0.03013
0.37526,0.64227
0.98486,0.83816
0.12209,0.39514
0.76096,0.43734
0.57936,0.084883
0.62116,0.58138
0.4899,0.87168
0.22045,0.20691
0.14413,0.09461
0.63518,0.18795
0.80242,0.66784
0.66964,0.73242
0.4716,0.63101
0.94448,0.46821
0.59148,0.31436
0.22675,0.64147
0.68384,0.56203
0.50819,0.67647
0.48124,0.71057
0.5087,0.70192
0.50902,0.70123
0.52151,0.70011
0.48391,0.6865
0.49003,0.70808
0.48872,0.6922
0.50432,0.68143
0.49483,0.70686
0.48432,0.71232
0.49464,0.71526
0.48273,0.68845
0.51662,0.6967
0.48249,0.69509
0.50898,0.70541
0.5125,0.7135
0.51543,0.69392
0.50831,0.69205
0.4978,0.71998
0.51515,0.68687
0.49292,0.686
0.51055,0.70691
0.50245,0.70021
0.51848,0.69291
0.51194,0.71342
0.48016,0.71422
0.50896,0.71498
0.49928,0.70651
0.47883,0.70583
0.61298,0.51396
0.61795,0.49472
0.59909,0.51912
0.57875,0.49628
0.57954,0.49832
0.58501,0.49625
0.61391,0.49776
0.59536,0.50977
0.5824,0.51167
0.61165,0.4815
0.58249,0.49983
0.61692,0.48798
0.60227,0.50458
0.59297,0.48416
0.57835,0.50621
0.60747,0.48186
0.59603,0.48445
0.60482,0.52283
0.59235,0.48983
0.58588,0.48686
0.57689,0.50801
0.59367,0.47891
0.61884,0.49048
0.59706,0.4862
0.60689,0.50976
0.59439,0.51001
0.61686,0.51759
0.61332,0.50295
0.58128,0.50352
0.57963,0.50155
0.50674,0.28863
0.47932,0.30073
0.51258,0.28371
0.49119,0.316
0.50368,0.32337
0.49696,0.3194
0.47748,0.30851
0.48137,0.28601
0.50652,0.2792
0.49882,0.29294
0.4805,0.31166
0.49677,0.30511
0.52009,0.29757
0.50329,0.32064
0.52405,0.3005
0.50441,0.28222
0.50016,0.30023
0.50158,0.30341
0.50531,0.30711
0.51322,0.28535
0.50503,0.29201
0.51113,0.29137
0.49676,0.30575
0.50733,0.30456
0.48383,0.3094
0.48758,0.30761
0.49282,0.31343
0.49017,0.29479
0.52339,0.29481
0.48461,0.30961
